30 0
6 -0.36944143076717495 -3.9990381370306682 -0.7407725875229288
6 -2.651285561976197 -3.0188372667547925 0.7396387519297815
6 -3.9170240291263436 -0.8836358722594937 -0.7428512861103655
6 -3.689689992700302 1.5869918852085603 0.7415284779183604
6 -2.0524313961955434 3.4540411619245135 -0.7392608067320656
6 0.3701973211626065 3.997337383640947 0.7424733409126498
6 2.648639945592186 3.016758568167356 -0.7430402587092234
6 3.9204255359057862 0.884769707852641 0.7392608067320656
6 3.690256910496876 -1.5883146934005654 -0.740583614924071
6 2.0503526976081066 -3.450450682546214 0.7436071765057971
1 -0.5557684132410544 -6.0306825473518435 -1.0234755954143322
1 -0.2813801996993982 -3.0564428139275126 -2.570027344467304
1 -3.997904301437521 -4.551971961288854 1.0202630612337482
1 -2.028620848739449 -2.3083002950491265 2.570027344467304
1 -2.990869322123825 -0.6740652601260937 -2.5707832348627355
1 -5.9070944676987835 -1.3320678493492666 -1.028955800781211
1 -5.564109200771713 2.3925820741397454 1.0251763488040533
1 -2.8198491201574343 1.2115033312779329 2.5705942622638775
1 -1.5701733239102078 2.642403849829876 -2.570027344467304
1 -3.0940483611002327 5.20884071491888 -1.0191292256406008
1 0.5593588926193543 6.028414876165549 1.0283888829846375
1 0.2836478708856929 3.0517184989560655 2.57040528966502
1 2.0214398899828496 2.3031980348799634 -2.5705942622638775
1 3.9931799864660737 4.550838125695707 -1.0295227185777847
1 5.911062892274799 1.3350914109309928 1.0183733352451694
1 3.000128979467861 0.6776557395043935 2.570216317066162
1 2.8209829557505817 -1.2152827832550905 -2.57040528966502
1 5.563731255573997 -2.3967394713146186 -1.0225307324200428
1 1.564693118543329 -2.6325772746892655 2.5705942622638775
1 3.0917806899139384 -5.2041163999474325 1.0314124445663635
