9 0
6 -0.04988876609848296 1.6686280479151687 -0.0
6 -1.4201290804170432 -0.8773997764971833 0.0
6 1.4700178465155262 -0.7910392988191276 0.0
1 -0.08276999829975581 2.7661809020817936 -1.7427053066674616
1 -0.08276999829975581 2.7661809020817936 1.7427053066674616
1 -2.3542206365715934 -1.4547110660080373 1.7427053066674616
1 -2.3542206365715934 -1.4547110660080373 -1.7427053066674616
1 2.4369906348713495 -1.3114698360737564 -1.7427053066674616
1 2.4369906348713495 -1.3114698360737564 1.7427053066674616
