24 0
6 -0.024188492653809922 2.7650470664886466 -1.3224302468075142
6 -2.051108588003538 2.3593228967407565 0.6986316979776193
6 -3.5923691042884887 -0.00170075338972101 0.05801458784937223
6 -2.0488409168172432 -2.3610236501304778 0.6988206705764772
6 -0.02154287626979946 -2.7650470664886466 -1.3224302468075142
6 2.594404809719972 -2.3597008419384724 -0.1600597912326328
6 2.5513190571803728 0.00113383559314734 1.5091351744791095
6 2.592137138533677 2.361968513124767 -0.15987081863377492
1 -0.30726944574292914 1.4218298338067643 -2.8580215851267283
1 -0.16081568162806437 4.685008670884809 -2.056021875573843
1 -1.1504651818468343 2.1140364634232154 2.5348784410797363
1 -3.2981387678667544 3.997715328838663 0.7589139570132862
1 -5.335641328752525 -0.00245664378515257 1.1551894968182814
1 -4.045147451151993 -0.0018897259885789 -1.951331055806572
1 -1.1481975106605398 -2.114792353818647 2.5348784410797363
1 -3.2941703432907388 -4.000738890420389 0.7594808748098598
1 -0.1566582844531908 -4.685008670884809 -2.056021875573843
1 -0.3059466375509239 -1.422018806405622 -2.8580215851267283
1 3.100284456862543 -3.998282246635237 0.980956760671307
1 3.982408548331174 -2.1136585182255 -1.6618250343562846
1 0.8403611471210368 0.00018897259885789001 2.655820904348786
1 4.202939571198331 0.0018897259885789 2.740102683439405
1 3.9805188223425945 2.1172489976037996 -1.6616360617574266
1 3.0963160322865275 4.000927863019247 0.9813347058690227
