18 0
6 0.6600623905507239 -0.1497796818547636 -0.000359047937829991
6 -0.8121664353714396 2.3206402057545463 -0.00041573971748735803
6 0.596378624735615 4.828117619999889 -0.00037794519771578003
1 -2.0915487241591264 2.304294075953339 1.6269784871268895
1 -2.091492032379469 2.3042751786934534 -1.627847761081636
6 3.473675414945848 4.86504286581672 -0.000396842457601569
1 -0.05629493719976543 5.926086213884001 1.6280934254601513
1 -0.05631383445965122 5.926142905663658 -1.6287926240759254
6 4.945828651828469 2.3944906973882096 -0.000434636977373147
1 4.098059778832202 5.979565459360784 1.6279989391607224
1 4.098040881572317 5.979641048400327 -1.6287170350363822
6 3.5373402835010714 -0.11296781959724664 -0.000396842457601569
1 6.225154248836498 2.410742340889988 1.6269973843867755
1 6.225078659796955 2.410742340889988 -1.6279233501211792
1 4.190013845436452 -1.2109175162214731 1.6280178364206082
1 4.189994948176566 -1.210955310741245 -1.6287548295561538
1 0.035810307483570156 -1.2642077890993981 -1.6287737268160396
1 0.035848102003341736 -1.2641133027999694 1.6281501172398087
