18 0
6 0.06330582061739315 -2.7251738481296317 0.4818801270876195
6 -2.3283313905280627 -1.417483464033033 -0.4818801270876195
6 -2.3918261837443135 1.3076903840965988 0.4818801270876195
6 -0.06330582061739315 2.7251738481296317 -0.4818801270876195
6 2.3283313905280627 1.417483464033033 0.4818801270876195
6 2.3918261837443135 -1.3076903840965988 -0.4818801270876195
1 0.06330582061739315 -2.7251738481296317 2.54168145463862
1 0.10847027174442886 -4.6666783287955935 -0.20465732456309485
1 -2.3283313905280627 -1.417483464033033 -2.54168145463862
1 -3.987321835901479 -2.427164059730739 0.20465732456309485
1 -4.09560313504705 2.2395142690648546 -0.20465732456309485
1 -2.3918261837443135 1.3076903840965988 2.54168145463862
1 -0.06330582061739315 2.7251738481296317 -2.54168145463862
1 -0.10847027174442886 4.6666783287955935 0.20465732456309485
1 3.987321835901479 2.427164059730739 -0.20465732456309485
1 2.3283313905280627 1.417483464033033 2.54168145463862
1 4.09560313504705 -2.2395142690648546 0.20465732456309485
1 2.3918261837443135 -1.3076903840965988 -2.54168145463862
