150 0
6 17.584845186720955 1.6926275679701208 0.20068889998707917
6 19.036154745949545 -0.5595478652182122 1.2872813434199466
6 18.657831603036055 -2.8635017904936073 -0.41781841607479475
6 16.309091171831337 -4.318401829100503 0.4344480047742891
6 16.405089252051148 -7.007670883447134 -0.6230426584344633
6 14.41653059426957 -8.636047767805573 0.7010883417627719
6 13.845455400521026 -10.96400121313592 -0.9159501866641928
6 12.660975150879773 -13.019078225715473 0.7371821081446289
6 10.62007108321456 -14.408593745117539 -0.7672287513630335
6 9.105833648566287 -16.114071449809998 1.0098695682965642
6 7.052835334574171 -17.48941402429772 -0.4911397844316561
6 4.472603469768541 -16.343295212224618 0.13152492880509142
6 2.3937159097328924 -18.25437510447446 -0.4901949214373667
6 -0.17120917456524834 -16.91985061134004 -0.49794279799054014
6 -2.278820569627295 -18.881386187484935 -0.2345149951826415
6 -4.49320148304405 -17.726763608463227 1.2224637420116904
6 -6.643898630645697 -17.12186231951912 -0.6128381380961372
6 -8.928010433041013 -16.14600781901698 0.8670062835599993
6 -10.630086630954029 -14.606826001319464 -0.891572721411525
6 -12.776626381380801 -13.420456025689631 0.6396722471339576
6 -13.94901238469515 -11.24878291961476 -0.8664393657634256
6 -15.749543306613127 -9.757789114626007 0.8348809417541581
6 -16.878087666992446 -7.5517229955589995 -0.6549790276414468
6 -16.616738562771985 -5.116811059275087 0.8821240914686305
6 -18.184833188094753 -3.0248843899182454 -0.35243389686996485
6 -16.684768698360823 -0.5533117694559019 -0.3267336234252918
6 -18.46545749739872 1.6485969524362323 0.2571917070455883
6 -17.078965539578384 4.149082380523833 -0.1721540375595378
6 -18.976628377309314 6.329070280948452 -0.09278554603922398
6 -17.61999409010852 8.759635847458632 0.6897499858312984
6 -15.238183454103677 9.093550429640525 -0.9150053236699034
6 -13.268711028806745 10.588890604403007 0.5829804674765906
6 -12.352760842142555 12.829916654258724 -0.9975863493708014
6 -10.987055870196581 14.720587505831913 0.7111038895022401
6 -8.81727249011029 15.949665288803633 -0.7521109434544022
6 -6.667331232904075 16.591605207123884 1.0714746355242362
6 -4.429517717228941 17.660245253665252 -0.4149838270919264
6 -1.9694724252969296 17.05118656754627 0.9766103908975756
6 0.28251403529254554 17.719771622305487 -0.7088362183159453
6 2.609711590227461 16.240305145847064 0.15987081863377492
6 4.990388390639159 17.79762833303494 -0.35696923924255425
6 7.210627454620509 16.683823835366532 1.1226862098147243
6 9.097707826815398 15.497264887137842 -0.7190407386542714
6 10.580008892256688 13.413464039531888 0.6300346445922052
6 12.965787952837548 12.794767750871157 -0.8815571736720569
6 14.289729980435926 10.511600811470132 0.29914362399203986
6 13.354693561287085 8.090294902303986 -0.9745316923101388
6 14.918630789434983 5.844544537476822 -0.04195191694645158
6 17.72298415648607 6.355715417387414 -0.5255327974237921
6 19.271992549324196 4.0400451909828305 0.24736513190497797
1 17.033423143253632 1.2818011380530678 -1.7410045532777405
1 15.899965495304006 2.035423862298333 1.334902438332135
1 21.041720937628337 -0.10053342259239748 1.386491957820339
1 18.334310513791344 -0.9813347058690227 3.1773852771965623
1 18.41122236152651 -2.242537830646581 -2.3663148828984983
1 20.308129308862007 -4.089556011883597 -0.29177369263658215
1 16.255800898953414 -4.391345252259647 2.492170633737853
1 14.620998946233806 -3.366168903455595 -0.26304985761018285
1 16.020341040776483 -6.963829240512104 -2.6461833018070338
1 18.275162090348825 -7.8072139492148676 -0.2970649254046031
1 15.131413935748967 -9.234335015789652 2.5379020026614625
1 12.692155629691324 -7.5394397766332375 0.9592249118026497
1 12.533796591848413 -10.450940607236749 -2.418849265380992
1 15.594396802950799 -11.671325650661002 -1.7428942792663193
1 14.115875189486667 -14.356248335233904 1.3182728496326406
1 11.816078661386145 -12.15585139413263 2.4058101560597973
1 9.357923095442713 -13.035896787013826 -1.642171884075064
1 11.506919489654637 -15.556035365382646 -2.229876666523102
1 10.365713965151839 -17.495272174862315 1.8747971532691265
1 8.229945652859968 -14.968330582934607 2.480454332608664
1 7.425111354324213 -17.288347179112925 -2.5069104964487687
1 7.056236841353613 -19.486854394225617 0.011716301129189179
1 4.395691622033379 -15.872942413667326 2.1353903670941565
1 4.191979160464574 -14.63592778154358 -0.9858700482416122
1 2.7470946695971468 -19.07357132052341 -2.346850705216136
1 2.3867239235751505 -19.74725863545179 0.9289892959853872
1 -0.2621049946158934 -15.597987282329097 1.0790335394785517
1 -0.40572416974788983 -15.89354042694284 -2.268427076690111
1 -2.9156582277783847 -19.46058720298437 -2.105721669073468
1 -1.5662048993341922 -20.522235263367996 0.786692929045396
1 -5.156306332436387 -19.066768306964526 2.63938028824815
1 -3.875639029976466 -15.995018712529525 2.15126406539822
1 -6.023123643397528 -15.68019036283228 -1.9466067408351249
1 -7.169431428069489 -18.82752899681044 -1.6408490758830587
1 -9.9875797948372 -17.741503471174145 1.6249753775789961
1 -8.283046953139035 -14.951889966833972 2.4165815941946973
1 -9.523652064641082 -13.119422675709012 -1.7895705111842182
1 -11.419992094180008 -15.842895770448923 -2.3375910478720994
1 -14.214518886090486 -14.844553530682692 1.023853540612048
1 -12.03245228707843 -12.698580698052492 2.4196051557764235
1 -12.457451661909824 -10.001941712350401 -1.547496612047261
1 -14.992708048187277 -12.010531465610914 -2.4704387848691955
1 -17.263969713860256 -10.994614774150898 1.4828679832378626
1 -14.714162437470748 -9.030433581621988 2.46023426453087
1 -15.875588030051338 -7.346309780600474 -2.442470840238228
1 -18.870803721948896 -7.920219563331886 -1.02366456801319
1 -17.292504576287797 -5.440143175920937 2.8007628876727875
1 -14.637439562334443 -4.549326344904844 0.9378710081317081
1 -18.61493482309531 -3.5466377353648793 -2.2980957747108
1 -19.940388631484552 -2.7735508334372514 0.6952301911981773
1 -15.220420029811033 -0.6538451920482994 1.118339840040993
1 -15.812093236835087 -0.26040424122617245 -2.169405434888577
1 -20.106873491078353 1.551654009222135 -0.9832244318576017
1 -19.07999638888458 1.532567776737488 2.219672146184776
1 -15.666962280912227 4.413832991523737 1.3039109321194409
1 -16.151299051785003 4.112988614141975 -2.0110463970456656
1 -19.81283212725548 6.579836919632871 -1.958323041964314
1 -20.458551497552886 5.900102481541041 1.2719745629124577
1 -18.873260365734048 10.368737526733566 0.40137779997415834
1 -17.097295881667595 8.644362562155319 2.678686588810591
1 -14.472466483531505 7.243886632019497 -1.4004759301358227
1 -15.710048033451827 10.115514244263993 -2.6399472060447233
1 -14.113985463498087 11.280530316222887 2.3294652261212097
1 -11.67245948625415 9.36623788979246 1.0300896363743584
1 -11.058298539966007 12.160197763906362 -2.45305330577427
1 -13.967909644580939 13.749457320301218 -1.8857575640028843
1 -12.311942760789249 16.17378679104909 1.3239420275983773
1 -10.23494492674218 13.738496909567461 2.358189061147609
1 -8.131490928855007 14.643297712899038 -2.1894365303675136
1 -9.489070079050087 17.674418198579595 -1.6561558563905479
1 -7.318152863370647 17.992459082457422 2.4341560458884812
1 -6.079437477857179 14.886883392826858 2.0667933137087426
1 -4.384542238700764 16.812703147787616 -2.29185967894849
1 -4.632663261001173 19.70247212952247 -0.5884606728434695
1 -1.8747971532691265 18.14949531210833 2.7164811085821685
1 -1.9158042072212889 15.0424078416869 1.4290107925633642
1 -0.1525008872783172 17.23052156386241 -2.661868027512239
1 0.6638607397877676 19.739699731497474 -0.5757995087199909
1 2.465147552101175 15.856501797566692 2.178287147034898
1 2.716292135983311 14.460561209803458 -0.8715416259325887
1 5.416332628464843 17.75265285450676 -2.3717950882653773
1 4.6785836025236405 19.74555788206207 0.23545985817693094
1 8.141695449193332 18.17803017453587 2.191893174152666
1 6.517098016812052 15.24139598828426 2.4192272105787076
1 8.081413190157667 14.691296753008942 -2.319071733184026
1 10.401996704132555 16.942527323202984 -1.391594217989502
1 11.108565251262206 14.056537793445289 2.5140914552053686
1 9.408000834140054 11.726694622126363 0.7838583400625277
1 12.451782483944088 12.359752828300294 -2.8279749419083235
1 14.236439707558 14.415774703874138 -0.8528333386456575
1 16.3249648701354 10.685077657221674 0.03382609519556231
1 13.863785742610242 10.436578689723548 2.3130246100205736
1 11.371993054070105 7.788883607125651 -0.5043678663517085
1 13.55670526946617 8.266795309637256 -3.0169475407662136
1 14.606826001319464 5.582061597663213 1.9772203018501031
1 14.346799705291009 4.142846284761522 -1.0518214852430157
1 18.01532476691923 6.740274656063221 -2.5278864549219944
1 18.324861883848452 7.985037164740143 0.5814686866857275
1 20.014654862835705 4.314244431925628 2.148996394211925
1 20.834984914477804 3.7885226619029786 -1.0705297725299467
