15 0
6 -1.9679606445060667 1.4543331208103214 0.13832794236397547
6 -1.9685275623026401 -1.4535772304148897 0.13832794236397547
6 0.7770553265036437 -2.286757418779327 -0.37662238952377475
6 2.393148991936319 -0.00037794519771578003 0.47658889431959855
6 0.7780001894979331 2.286568446180469 -0.37662238952377475
1 -3.2093216464035454 2.1601457775445407 -1.3460518216647506
1 -2.587034878364514 2.1599568049456828 1.9717400964832243
1 -2.5879797413588035 -2.1590119419513933 1.9717400964832243
1 -3.2102665093978353 -2.1588229693525354 -1.3460518216647506
1 1.2447625086769214 -3.9557634118922116 0.7364262177491973
1 1.0539001838304525 -2.656198849546502 -2.3840783071911402
1 2.635411863672134 -0.00056691779657367 2.5220283043574
1 4.21919121470011 -0.0007558903954315601 -0.4767778669184565
1 1.0548450468247421 2.655820904348786 -2.3840783071911402
1 1.2462742894677845 3.9551964940956377 0.7364262177491973
