27 0
6 9.137958990372129 0.0 0.0
6 8.491672702278144 -1.7757755114675922 0.0
6 6.855169996168818 -2.720638505757042 0.0
6 4.994167842616316 -2.3923931015408875 0.0
6 3.7794519771578 -0.94486299428945 0.0
6 3.7794519771578 0.94486299428945 0.0
6 4.994167842616316 2.3923931015408875 0.0
6 6.855169996168818 2.720638505757042 0.0
6 8.491672702278144 1.7757755114675922 0.0
1 10.077908697091274 -0.6995765609719087 0.0
1 10.077908697091274 0.6995765609719087 0.0
1 8.761903518644926 -2.9158472003772427 0.0
1 9.661413089208484 -1.8438056470564328 0.0
1 6.32925925354731 -3.767546703429753 0.0
1 7.707436417017901 -3.524716913897364 0.0
1 3.9183468373183494 -2.8565098043358654 0.0
1 5.130228113793997 -3.556275337906632 0.0
1 2.6569547399419333 -0.6088697135201215 0.0
1 3.1356223328489685 -1.9237410563733202 0.0
1 3.1356223328489685 1.9237410563733202 0.0
1 2.6569547399419333 0.6088697135201215 0.0
1 5.130228113793997 3.556275337906632 0.0
1 3.9183468373183494 2.8565098043358654 0.0
1 7.707436417017901 3.524716913897364 0.0
1 6.32925925354731 3.767546703429753 0.0
1 9.661413089208484 1.8438056470564328 0.0
1 8.761903518644926 2.9158472003772427 0.0
