12 0
6 1.4010428479323964 -1.4299556555576536 -0.3278674590184391
6 -1.4299556555576536 -1.4010428479323964 0.3278674590184391
6 -1.4010428479323964 1.4299556555576536 -0.3278674590184391
6 1.4299556555576536 1.4010428479323964 0.3278674590184391
1 2.532232824695726 -2.5842002893816454 0.9492093640631813
1 1.7840903058173396 -1.8207509899957701 -2.313591527817147
1 -2.5842002893816454 -2.532232824695726 -0.9492093640631813
1 -1.8207509899957701 -1.7840903058173396 2.313591527817147
1 -1.7840903058173396 1.8207509899957701 -2.313591527817147
1 -2.532232824695726 2.5842002893816454 0.9492093640631813
1 1.8207509899957701 1.7840903058173396 2.313591527817147
1 2.5842002893816454 2.532232824695726 -0.9492093640631813
