300 0
6 17.000163965854643 -32.935278364546214 -0.7328357383708973
6 15.046943184059492 -34.323471075756274 0.884769707852641
6 12.866010420640581 -35.21523276976666 -0.7912282714179855
6 10.584355262030419 -35.86567645503551 0.8613371055942626
6 8.326699623475207 -36.51347452392036 -0.824676421415832
6 6.026714122775828 -37.09777779958896 0.8271330652009845
6 3.6813751983505547 -37.357615123018554 -0.843573681301621
6 1.3275325069766772 -37.55546943402277 0.8237315584215426
6 -1.0344360061480897 -37.58816169362518 -0.843384708702763
6 -3.392814039894557 -37.45606984702352 0.8239205310204004
6 -5.737208101325541 -37.16883149675952 -0.8437626539004789
6 -8.059681341289007 -36.7394857521544 0.8241095036192583
6 -10.350596157243208 -36.164064188632125 -0.8431957361039051
6 -12.599748028849817 -35.443700641785846 0.824676421415832
6 -14.799578052154512 -34.583308399185874 -0.8428177909061894
6 -16.940070679417833 -33.5851551320185 0.8248653940146898
6 -19.01555673267404 -32.45812255243005 -0.8428177909061894
6 -21.013375047799652 -31.197864290646773 0.8244874488169741
6 -22.9306910358118 -29.81930918197847 -0.843573681301621
6 -24.75370969699387 -28.31641010326167 0.8231646406249687
6 -26.480541305357267 -26.70617458839359 -0.8456523798890577
6 -28.100981340563674 -24.98652393878679 0.8207079968398163
6 -29.602368638489608 -23.164072195401296 -0.8477310784764945
6 -30.996041555066547 -21.256771755128614 0.8195741612466688
6 -32.256488789448674 -19.259331385200717 -0.8479200510753524
6 -33.402040683725204 -17.194427797480554 0.8207079968398163
6 -34.4149338136035 -15.059982293380687 -0.8460303250867734
6 -35.306695507613874 -12.87432521499033 0.8231646406249687
6 -36.053893163497975 -10.632165329541465 -0.8424398457084735
6 -36.66238493182038 -8.351644006524449 0.8273220377998425
6 -37.119509648457615 -6.032572273340422 -0.8377155307370264
6 -37.427723957194836 -3.692713554282028 0.8322353253701475
6 -37.59042936481148 -1.334713465733277 -0.8329912157655791
6 -37.596854433172645 1.0257432666006268 0.8367706677427369
6 -37.46136107979154 3.3848771907425252 -0.8292117637884213
6 -37.171099167945826 5.727948443981504 0.8397942293244631
6 -36.74024164254983 8.050988601741546 -0.8267551200032688
6 -36.1587729558641 10.339635746509451 0.8416839553130421
6 -35.44011016240755 12.589921453709206 -0.8254323118112635
6 -34.57669435822585 14.788050723624181 0.8426288183073315
6 -33.582320543035635 16.930433076876078 -0.8250543666135477
6 -32.44961878548144 19.003273513748276 0.8424398457084735
6 -31.195029701663906 21.003926417856757 -0.8258102570089793
6 -29.809860552035573 22.917840899089466 0.8409280649176105
6 -28.314520377273087 24.744827984847547 -0.8278889555964161
6 -26.697292876247264 26.468069113832644 0.8379045033358843
6 -24.979154007431333 28.086619423050475 -0.8318573801724317
6 -23.162371442011576 29.598022268715876 0.8341250513587265
6 -21.245244426598283 30.97619943218647 -0.8345029965564422
6 -19.254796042828126 32.247985022500075 0.8329912157655791
6 -17.18649094832852 33.38843465660743 -0.8346919691553001
6 -15.057525649595533 34.41020949863205 0.8335581335621528
6 -12.866955283634873 35.29460126128697 -0.833180188364437
6 -10.62819690496545 36.04520042395051 0.8354478595507316
6 -8.343707157372418 36.64821198690604 -0.8309125171781423
6 -6.028036930967834 37.108171292526144 0.8380934759347421
6 -3.6855325955254283 37.41865327244966 -0.8278889555964161
6 -1.3298001781629718 37.57512258430399 0.8409280649176105
6 1.0329242253572266 37.58929552921833 -0.8256212844101214
6 3.3899794509116887 37.44643224448176 0.8426288183073315
6 5.734940430139246 37.16297334619493 -0.8248653940146898
6 8.056090861910707 36.72606869763549 0.8428177909061894
6 10.346627732667192 36.150269188915495 -0.8250543666135477
6 12.595212686477225 35.42631516269092 0.8420619005107578
6 14.795042709781924 34.568190591277244 -0.826377174805553
6 16.935535337045245 33.56795862552243 0.840172174522179
6 19.010454472504875 32.44168193632941 -0.8288338185907055
6 21.008650732828205 31.18028983895299 0.8371486129404527
6 22.92558877564264 29.80267959327897 -0.8324242979690054
6 24.748796409423566 28.298646678969025 0.8328022431667211
6 26.475061099990388 26.689356027095236 -0.8373375855393106
6 28.09606805299337 24.968760514494146 0.8275110103987003
6 29.596888433122732 23.147253634102945 -0.8426288183073315
6 30.99112826749624 21.239197303434832 0.8231646406249687
6 32.251008584081795 19.242512823902366 -0.8458413524879156
6 33.39712739615489 17.17666437318791 0.821085942037532
6 34.40945360823662 15.043352704681192 -0.8473531332787788
6 35.30178222004358 12.856561790697688 0.8203300516421005
6 36.04860193072995 10.61553574084197 -0.8467862154822051
6 36.65747164425007 8.333880582231806 0.8214638872352478
6 37.114029443090736 6.015942684640928 -0.8452744346913419
6 37.42281066962453 3.6749501299893867 0.8233536132238267
6 37.5849491594446 1.3178949044349249 -0.843384708702763
6 37.59194114560234 -1.0435066908932686 0.824676421415832
6 37.45644779222123 -3.4016957520408777 -0.8424398457084735
6 37.16599690777666 -5.745711868274146 0.8250543666135477
6 36.733816574188666 -8.067618190441038 -0.8428177909061894
6 36.155182476485805 -10.35758814340095 0.824676421415832
6 35.438220436418966 -12.607684878001848 -0.843573681301621
6 34.57178107065554 -14.805625175317966 0.8231646406249687
6 33.57513958427903 -16.946117802581284 -0.8456523798890577
6 32.46398070299464 -19.03048556798381 0.8216528598341057
6 31.207879838386248 -21.031138472092294 -0.8452744346913419
6 29.81552973000131 -22.939194802760408 0.8220308050318215
6 28.33681914393832 -24.779409970438543 -0.8471641606799208
6 26.81181027115515 -26.582019590943954 0.8214638872352478
6 25.013358047824607 -28.132917709770656 -0.8278889555964161
6 23.203756441161456 -29.626935076341134 0.8611481329954047
6 21.35957284890731 -31.12303114149905 -0.7882047098362592
6 19.31545624706151 -32.30524371995401 0.8802343654800516
1 17.566514844631737 -34.13676614808468 -2.307166459455979
1 16.17586548963653 -31.193517920873045 -1.4605692165726318
1 15.932090837109847 -35.95184796011471 1.7835233880207657
1 14.323556075631489 -33.04903986905867 2.3322998151040784
1 12.354839540729989 -33.716113143027016 -2.1081783128586205
1 13.448990888117173 -36.88593951626927 -1.845317427847296
1 11.03826744448707 -37.48384881905562 2.0524313961955434
1 10.113435545676557 -34.249771762201696 2.0484629716195277
1 7.903023056835818 -34.91268763899518 -2.0499747524103906
1 8.780233860734143 -38.159047914774874 -1.9774092744489609
1 6.342865280665078 -38.86013625653764 1.8455064004461537
1 5.743066251890134 -35.566910776241194 2.1756415306508874
1 3.521315407117922 -35.7059946090006 -2.063958724725875
1 3.847293140147782 -39.0532662525704 -2.001219821905055
1 1.4123812038638697 -39.29212761752678 1.9280874261470515
1 1.2483529880552213 -35.936541179607225 2.0947612583397106
1 -1.0004209383536695 -35.96753268581992 -2.1142254360220734
1 -1.0710966903265204 -39.32633165792006 -1.9483074942248457
1 -3.547015680562595 -39.184791181375495 1.9333786589150723
1 -3.248627946965987 -35.838086455602266 2.0902259159671215
1 -5.49003194201942 -35.55878495449031 -2.1043988608814628
1 -6.000257958935722 -38.880356324615434 -1.9592679049586033
1 -8.428366881660752 -38.43305818311881 1.9369691382933723
1 -7.713294567582495 -35.149659277962975 2.087391326984253
1 -9.904242878740874 -34.59993798788537 -2.1072334498643315
1 -10.826429161167376 -37.83118045575643 -1.9552994803825876
1 -13.179893907343537 -37.07680184111573 1.9377250286888041
1 -12.054940026342518 -33.910376974652934 2.0875802995831108
1 -14.159338887223981 -33.087779251824536 -2.106288586870042
1 -15.481958106630355 -36.176725352755604 -1.9554884529814456
1 -17.719582649706627 -35.13170688107147 1.9401816724739565
1 -16.20685699584922 -32.13082201120818 2.0858795461933894
1 -18.193714900241076 -31.056134841503358 -2.1083672854574784
1 -19.892767536572364 -33.95497450798339 -1.9530318091962933
1 -21.981292699149762 -32.633300151571305 1.9405596176716722
1 -20.102905066502338 -29.846710208812862 2.0847457106002425
1 -21.939151809604454 -28.532594756355095 -2.1102570114460577
1 -23.98969347981142 -31.194273811268477 -1.9530318091962933
1 -25.895860084490955 -29.618053364194814 1.9384809190842356
1 -23.680156362882197 -27.091489717464825 2.083800847605953
1 -25.333477630289877 -25.554008653157034 -2.1104459840449157
1 -27.703194019967817 -27.936008261760733 -1.9568112611734512
1 -29.40356946449111 -26.133965559051894 1.9294102343390567
1 -26.88305294092457 -23.91240368687854 2.0879582447808267
1 -28.313197569081083 -22.163840229646485 -2.1049657786780362
1 -30.968073610435578 -24.224586420191777 -1.9670157815117768
1 -32.43280022418309 -22.233382146026187 1.926197700158473
1 -29.65414713057667 -20.344789993040436 2.0885251625774
1 -30.851477516940264 -18.426718114632852 -2.103265025288316
1 -33.74332519726256 -20.13956575068077 -1.9690944800992138
1 -34.94367914520787 -17.98735682228826 1.9331896863162146
1 -31.95507749427034 -16.451198566172472 2.0841787928036686
1 -32.92034952923644 -14.400278950767792 -2.100619408904305
1 -35.99568960304975 -15.756346320172009 -1.9681496171049244
1 -36.93374958378031 -13.477525750544714 1.9330007137173566
1 -33.78282047042385 -12.311186870393819 2.0894700255716896
1 -34.49392435992609 -10.163513284373899 -2.103076052689458
1 -37.712883608871394 -11.128407374142283 -1.958134069365456
1 -38.35312277380192 -8.744518039550002 1.9365911930956565
1 -35.07973941638556 -7.9863599729321475 2.094005367944279
1 -35.51456536635756 -5.76763268974166 -2.101375299299737
1 -38.830278585918094 -6.312440692248957 -1.9501972202134248
1 -39.15134303137765 -3.866568345231287 1.9466067408351249
1 -35.80766186718614 -3.531519927456248 2.094194340543137
1 -35.967154740622206 -1.2753760696918996 -2.0996745459100157
1 -39.32500884972805 -1.3957516151643756 -1.9420713984625355
1 -39.326898575716626 1.0722305259196678 1.953409754394009
1 -35.96753268581992 0.9802008702758755 2.0962730391305735
1 -35.84337768837029 3.2393682896219502 -2.095517148735142
1 -39.1897044689458 3.54210239299229 -1.9386698916830936
1 -38.881679132807434 5.991754191987118 1.9564333159757352
1 -35.56048570788002 5.478315640890231 2.0994855733111577
1 -35.15287181214355 7.70309004724417 -2.092493587153416
1 -38.43475893650853 8.423453594090446 -1.9369691382933723
1 -37.823054634005544 10.816035668230192 1.958134069365456
1 -34.59237908393105 9.890636851623105 2.101564271898595
1 -33.90867622126321 12.045491396399624 -2.090792833763695
1 -37.074534169929436 13.171390140394932 -1.935835302700225
1 -36.16803261320814 15.469107969908018 1.9590789323597455
1 -33.0785195944805 14.14686669569936 2.102509134892884
1 -32.13176687420247 16.198353228900615 -2.090981806362553
1 -35.13151790847262 17.71221271835117 -1.9348904397059357
1 -33.94269128905763 19.878405619059162 1.9592679049586033
1 -31.04328470478102 18.179352982727877 2.1017532444974525
1 -29.848599934801438 20.09553513514688 -2.092682559752274
1 -32.634433987164456 21.974111740393163 -1.934701467107078
1 -31.18047881155185 23.97381978150736 1.9585120145631718
1 -28.51766592104532 21.923656056498107 2.0996745459100157
1 -27.09470225164541 23.674487184916458 -2.0964620117294315
1 -29.62107692577654 25.889435016129788 -1.9352683849036514
1 -27.922591207241826 27.69223360923406 1.9526538639985775
1 -25.544182078016423 25.318359822381243 2.099107628113442
1 -23.900498413150498 26.866801297422793 -2.0932494775488473
1 -26.128107408487303 29.382782478616743 -1.9466067408351249
1 -24.226287173581497 30.973742788401317 1.9377250286888041
1 -22.170265298007653 28.3171659936571 2.105910641672326
1 -20.32816040434094 29.623344596962834 -2.0879582447808267
1 -22.2144848861404 32.40521022474983 -1.9577561241677404
1 -20.14088855887277 33.738789854889966 1.944150097049972
1 -18.42407249824884 30.850343681347113 2.097784819921437
1 -16.438348429450137 31.936747152181127 -2.0900369433682635
1 -17.977719219746508 34.92459291272323 -1.9558663981791613
1 -15.757858100962872 35.996256520846316 1.9456618778408354
1 -14.401223813762082 32.92205028262617 2.0974068747237213
1 -12.302116185648638 33.76600190912551 -2.0930605049499893
1 -13.465998422014383 36.91863177587168 -1.949819275015709
1 -11.126139702955989 37.70721443090566 1.9454729052419777
1 -10.162946366577325 34.488255181960355 2.101186326700879
1 -7.976344425192679 35.061975992092904 -2.092682559752274
1 -8.73299071101967 38.336115239904714 -1.9452839326431197
1 -6.311684801853525 38.81894022998662 1.949630302416851
1 -5.763475292566787 35.50398290082151 2.102698107491742
1 -3.5241499961007907 35.80180371662155 -2.093816395345421
1 -3.8563638248929615 39.145295908214194 -1.9379140012876621
1 -1.3929170261815071 39.30478878165025 1.9573781789700246
1 -1.2714076451158838 35.94655672734669 2.100808381503163
1 0.9890825824221962 35.966020905029055 -2.0928715323511318
1 1.0805453202694149 39.32463090453033 -1.9343235219093622
1 3.5460708175683058 39.170051318664584 1.9596458501563192
1 3.2425808238025344 35.82315762029249 2.1019422170963105
1 5.487197353036552 35.557273173699436 -2.090981806362553
1 5.999880013738007 38.87789968083028 -1.93451249450822
1 8.427422018666462 38.41661756701817 1.9594568775574612
1 7.70668052662247 35.13416352485662 2.102509134892884
1 9.89895164597285 34.58803271415732 -2.090603861164837
1 10.823972517382224 37.81814134643523 -1.9354573575025094
1 13.175547537569805 37.05714869083451 1.958323041964314
1 12.049459820975638 33.89072382437171 2.1019422170963105
1 14.15499251745025 33.07455116990448 -2.0921156419557
1 15.477422764257765 36.16330829823669 -1.9367801656945145
1 17.715614225130615 35.113187566383395 1.9566222885745932
1 16.202132680877774 32.11268064171782 2.0998635185088736
1 18.18804572227534 31.04045011579815 -2.0949502309385686
1 19.88747630380434 33.938911837080475 -1.9386698916830936
1 21.976757356777174 32.61496980948209 1.9537876995917247
1 20.098558696728606 29.828190894124788 2.0966509843282894
1 21.933482631638718 28.51691003064989 -2.0996745459100157
1 23.984213274444542 31.17840011296441 -1.9411265354682459
1 25.891324742118368 29.59953404950674 1.9486854394225614
1 23.675432047910746 27.07297040277675 2.0930605049499893
1 25.32761947972528 25.53794598225411 -2.102509134892884
1 27.69752484200208 27.919945590857814 -1.9483074942248457
1 29.39903412211852 26.115635216962684 1.9364022204967988
1 26.878517598551984 23.89388437219047 2.094383313141995
1 28.307528391115348 22.147966531342423 -2.1000524911077316
1 30.962404432469842 24.208523749288858 -1.9615355761448983
1 32.4282648818105 22.215051803936973 1.9299771521356308
1 29.649611788204083 20.326270678352362 2.0919266693568423
1 30.84580833897453 18.41084441632879 -2.101375299299737
1 33.73746704669796 20.123503079777848 -1.9670157815117768
1 34.93914380283528 17.968837507600185 1.9335676315139307
1 31.95054215189775 16.432679251484398 2.0845567380013845
1 32.91449137867185 14.38440525246373 -2.1017532444974525
1 35.989831452485156 15.740283649269088 -1.9694724252969296
1 36.92921424140772 13.459006435856642 1.9299771521356308
1 33.778285128051266 12.292667555705744 2.0866354365888213
1 34.4880662093615 10.147450613470976 -2.1072334498643315
1 37.707025458306795 11.112344703239364 -1.9626694117380454
1 38.348398458830474 8.72599872486193 1.9303550973333465
1 35.07520407401296 7.967840658244074 2.088336189978542
1 35.50889618839182 5.7517589914375975 -2.1087452306551944
1 38.82460940795236 6.296378021346037 -1.9579450967665983
1 39.14680768900506 3.8480490305432142 1.9369691382933723
1 35.80331549741241 3.5131895853670327 2.0856905735945315
1 35.96110761745875 1.2593133987889789 -2.1095011210506263
1 39.318961726564595 1.3796889442614548 -1.9532207817951512
1 39.322363233344035 -1.0903718954100252 1.9411265354682459
1 35.96299734344733 -0.9989091575628064 2.0847457106002425
1 35.83846440079998 -3.255241987926013 -2.1089342032540523
1 39.184791181375495 -3.5583540364940687 -1.9520869462020034
1 38.876954817835994 -6.010840424471765 1.940937562869388
1 35.55613933810629 -5.496457010380588 2.085501600995674
1 35.144745990392664 -7.719152718147091 -2.106099614271184
1 38.42701105995536 -8.438571401999077 -1.9554884529814456
1 37.82022004502267 -10.832854229528543 1.9401816724739565
1 34.588788604552754 -9.9108569197009 2.085312628396816
1 33.90886519386206 -12.062876875494549 -2.111201874440347
1 37.07415622473172 -13.189720482484148 -1.9517090010042877
1 36.16217446264354 -15.489139065386954 1.939614754677383
1 33.07417322470676 -14.163118339201139 2.0830449572105216
1 32.1123026965201 -16.21573870799554 -2.0983517377180108
1 35.11980160734342 -17.716370115526043 -1.9696613978957875
1 33.96876950770002 -19.902405139114116 1.925252837164183
1 31.06218196466681 -18.218092365493742 2.0936274227465637
1 29.86579644129751 -20.121991298986984 -2.116115162010652
1 32.647095151287935 -22.006426054797863 -1.950008247614567
1 31.180667784150707 -23.985536082636546 1.9552994803825876
1 28.511807770480726 -21.94123050819189 2.066037423313311
1 27.05596286887954 -23.723053142822934 -2.066415368511027
1 29.65074562379723 -25.862600907091966 -2.0061331094753605
1 28.09569010779565 -27.848702921088393 1.8162156476231806
1 25.72257221133827 -25.494482284516796 2.190192420762945
1 23.932623754956335 -26.8681241056148 -2.042415848456075
1 26.102029189844913 -29.438151450082103 -1.991204274165587
1 24.281089227250288 -30.92782244687885 2.04014817726978
1 22.15099009292415 -28.324535925012558 2.0605572179464327
1 20.481984099811264 -29.858804455139765 -2.157311188561672
1 22.379457964943338 -32.61081241230722 -1.7827674976253343
1 18.78066379229368 -30.97412073359903 2.358378033746467
1 20.043189725263247 -34.029807657131116 1.7396817450857351
