21 0
6 -2.839124325240939 1.346618739461324 0.2770338299256668
6 -2.8385574074443656 -1.3473746298567557 -0.2770338299256668
6 -0.5278004686100868 -2.71459138259359 0.8571797084193891
6 1.7077453758787517 -2.2733403642604166 -0.8439516264993367
6 3.3181698633456906 0.00037794519771578003 -0.0
6 1.7069894854833203 2.2739072820569906 0.8439516264993367
6 -0.5285563590055183 2.7144024099947317 -0.8571797084193891
1 -4.5553734680682965 2.185657078390356 -0.493029510420235
1 -2.831943366484339 1.6072119532863545 2.3203945413760314
1 -4.554617577672865 -2.187168859181219 0.4926515652225192
1 -2.83099850349005 -1.607967843681786 -2.3203945413760314
1 -0.12963520281651253 -1.9609686583483246 2.7323548068862316
1 -0.9123597072858929 -4.73414154658786 0.9845472400496069
1 2.887501310548559 -3.9618105350556636 -0.8452744346913419
1 1.0308455267697898 -1.9362132478979408 -2.759944806319483
1 4.518901756488724 -0.5818466318834433 1.5690394883170606
1 4.518712783889866 0.5829804674765906 -1.5692284609159186
1 1.0302786089732163 1.9364022204967988 2.759944806319483
1 2.886367474955412 3.9625664254510955 0.8452744346913419
1 -0.13039109321194411 1.9611576309471825 -2.7323548068862316
1 -0.913871488076756 4.7339525739890025 -0.9843582674507491
